$ANSIBLE_VAULT;1.1;AES256
37393566663162373465313164366230353839316139383533393531323835363232386136616265
3364363633333862306563373366633337623730666233320a356639663763666233346562353363
65303761613434363031636533663031646161343962306162306535613562393264383638323838
6665373530623837390a336439306366666438656330666438396330393031313438343334363833
62663035363265393533333431333033303430353665356134396331633037636630343339343265
31366232653566653163313561643365353666356262396531383235626233626366316232383230
31366566313963363164363833303933663036303233636233396535653365336330633539303432
66643362646665623132623930396139346437643832656137383430633164383933376134306261
31353234346532623535376438323433633164653834323562663234663433303239663230633639
34373935373638333535363530383362353763353061383539613634313736616139613933613138
36653535653362303037353262636634343964626133653831366362343439343535653236663665
65363363623837623030353136353033376139303735396635363466363931616361373133636263
66643037636161366261643631623766363761366161373039643732333936383735363639636531
37373964353331623434303962646264333039626163363439383737373336393531326366356562
31376130323963383036663038623163303236306138363636333162333564323266343533373332
61333730643333646664303330346630343530393531373561303936613661353863333561343266
33363630666366663934646539363937646538333939326164363166316561656364363738386239
36646333656131613666393131396632346466373462363564623732633938646534303033323736
37633930396238386333393633303635386361333933333765376439306461366665313566363966
39643332663666376533373630393234303036653666363032386231653838396463616365633966
65386564373062393435663936353766663133333839626430623638373537616332623863616537
30373134373132333866636232386431353165383163316465396165313734383062356462333630
35353037646265636165656236643531643266666663306238306235653438346132636363656231
38613834663630616532623164313236303031356563336234326539363065386464323030653065
38633430623032386339363264383564623238623662623161373037643336393165653131363564
30313732376338616136376534643832343139393764373933393538353763303564393833336263
31623032396135613038643631353061353633356532313665383162613065316237616531366532
64333265666264613938356663306363363638323934326530343764626339653933343735616133
65646263303233356537366334663434656165613230326462373464353131383736303862353534
64366139356632383361633061643032616235383366623232333165373631633864356430663162
66663533633136363666366163366664346131616633633438663865336363303236633734313338
32653639386538663731386265303862373563303564656664653731656130303833313566666336
30623638613462656230313733636265336530383533646136656563633637663437643239666434
39326234316233316133633630373234613866396363396138343165393863376562323863353535
63376236303836626230373131306637386661316431663239373762306662366332626337653462
36663164396165643965643738613932313563633965313766653132323262653532373736653133
38346137346432656430333733383863653738313761383232386333393230303630313161393037
37386463623432323437323338326632633661656130616564363731336139346233336437623338
31363238316363316434633361663435343563313539666236643433623862643666366363306462
39653739376464353236366232653763306134396439353831646638356232376136366235316635
34343338666464373638383231333334366632656363383832626438663133336164653237663664
64623532323164393564623465353663346265313764323838353233316538633331613938613638
66376362326465373831313733363136383333653931343865303238343863353665396263343131
39306261633932323433363535383462643036323862363038306537656362303761393335653963
39663337356566386435313535396535626131646332373763383037653633356165663536383535
66343937643236656562363063323066363837663261373938633061633735623134613732313066
33623061613338653530376433313530333862383936626431663864383535623633643534636339
61613235366463373063363034653564663561623565333431663066666163316439626337303439
30663862626433386434326464313837633532303835666630613430366664316537643764643366
61383733666433346162666234343432376131363434333232396463373932363536613138383730
35356337363230666332363463336665643931643033356230336430623537326462356133663161
61663861396232653466323962363836366263326563363433356537373736616539316434376433
39346332623732346666653461623530613764333432623537643363363633303030356630653134
61653062323265613861376362356338353361616537616433363361306630663335386366343236
36346331393330663437303734363366303033643764356461396164323738326232346430303432
64633438656234396534353766636461386237303032323237663831633466643139313637353130
32306632666138346464633565363035353938353265613038656638633139623932353833636334
32353564626530633739336664363332356431353064366166663834346366313762316361323839
37366639653334626538643632633365343532346436643032306364326631333866613762323939
37383661326664656166353637393038616633346132323566303036653033363932343061356564
65636132333132376331363361363363373262633161303236383063653862333630623661393533
33356233373861643437323435383531393139306563623738383036353430323039636438613364
30366166643361393536396330333030343762613330636362613038663462323361316332613931
39656264363165366539376162373139623766373434363434346162663238346635376238636639
35323338613233366563663766336432333136383263623535336538306164393131303934373934
34653231633663616162633733626236393864623232386532356662666333353335386337643763
39656237633033336363633063636139386665623330373963383464343833373836323161643465
33613733383735653964373161316332636432393130353434643338616330643238643261366161
39663233616230333636376335313137303034323336323339626234613232653437343766353931
32633062666265633634346261373039336533343231663439303562326136656664353730633630
36346330653864333930323764666130393563386438663335623839393032666633343038313232
38356363306131613030613032323164356265393430666235343763343839306532323336383136
35373962633363623261616330366532383237653565326334346434623763623731646438633863
34643234623836366561656336393866333234663934343237306537303332613036336638316230
66376666343831373132393335353337306661303636343032616161393130363631303438383365
33383239633531663037623432333861343435353533386237636435663165363330326432666231
38303833623832303761623632396165343536396534363236623639353535383038343339623435
31376335343730633234396536303261326465333964353861346162386531623035396536333033
32393262316166326566613066313765373534313634353039346561313435306238393366356232
34663666306664333165353563313163613031363765306663623331386636663234303530393735
37636538316233663631356630353162323661353237333835653862393934336161653563623439
36393233303765666161363931626335343037643963373835643931363339386163386161386336
33636562656234623534363465383263656264393738616232663830643461303262356563643439
32393837356133653164323930316132373364373630313431366331323964613630616437656664
63313133303263326261636330646233656333653763616330653561353832353964336261316235
36353533613461383831393932393638306564623830343362353339663765303433306461613034
66663539393361343838616532376534613637616335306262656563643832653730653434336637
38656330653863376138646530666435623037633365666235373438303037353165346137616663
32626363393532306161366237636139316232663461363363626466373563333038643337393633
35336462363763346431336432313761653530373633653434643962386539636430653166326563
31623735643035623865663238653262666165383362666334616564393133363030653933626631
62373462386462613431646562656538396436303835303266333264613266363863303736386432
66393838323063333536643738333533666365316433313136623736346163616338623731666430
64326666356139383131633530636637383335373264386437393039316437613136303563613561
66303763303536383364653663636134616638303131663336333331656234333961376130633035
62393237633061353133313038646364343163373266323335653039313165373534323834383365
62373563666139643931346534376336643932643234313936386566386662656232386164643765
36663930333932343635373761333865656664316533323831363533333138643536333861313335
39393536323235333937363166393534643334393231663666613437313365313064323261373739
36623236343830663562656663623533393864323262646662346239663939633537613333653863
34303862383164366534343331323961663235383235363735366636393664393938366365346336
31616162623165343736316336396332386234663162326661643333363731363237663661336436
61393436666635613434623430303865646638303839366436336231343733643362393635313062
66363763376238353932393333323135353935333334633065356237363765393430326336663766
62376337336564616534366163316133633634363463666634393362366462643064373466383735
31616264656232346539393738633737643539306365616665663537313362343336323430643438
33636636363362353866363765626631623437633632326335386564306363356166626332336561
36376535366235653461306232653939306535393465383532396137323065313662663135396663
36326436663830316134383531346433663231666363376635376166616366383930333832356430
30343632666161373062363731633732663637613236393632383764333266323362646262353932
66663531656161323534323930353232666633383730346239643535393933623836373061393739
66316561393964396264626638613061323764333638623538306539313539336434633034616333
39383335666139323135343730346233306333623636376237373365636238316534376462616262
30363732313032393937313330346365626337613235643732326138336161383264646166643235
35313561343761393939646466636230616233336162336138326436636464646565613334643163
61623737616636343363313031396235646264343736306666366436663234613637303062373831
33613839623731653263613666373630643562626334376562396264633037303764313439373163
63373037346135343239376161646535363463666264336264316339393132303533613236396436
39643433653839313838396465653862353339646361313163613462653438316365383431323365
61326566356638623232393462383964353230623962353835386338366131323937626531383134
34346537393536616233666564613931643734303033346163343032303736386532333765343166
62656464323537353861383935356435346330663966653335383463396262393366383530383462
39386430326362333061316234343561663765623637646665623733323266623835306234306637
62306162366136613836363761303632346139336531343035393835623530366661616165326332
64376465383761316463643437353363346337393066383931326366373834663266353864306535
30356238326265323238343461623737623536373133663033313264353261633961353061633264
36346132306635353165363065373464383164316365323538313134636239633966376365366439
62646438383331313538643365663739383839616137353466386331623165313238616435346238
32363232383433333331636461313862633339386133343863316232613336623565313461356133
34346662666130333064346162653363323565393134333234333365333735346536306637353163
36373437626366396162396365393339393161303463376534626261623431626465653937313236
39373065323436393730623339313962656134623531653364336338643665623866653735363530
64353564393464616437636338323736333836653261636132656463373866313836383239623233
30653861316231313636393836656339373733326563396164623230353361336366393331633137
623038646161306434386165623265666561
